105 550 0 0 0
123 550 100 0 0
106 573 0 100 0
126 573 100 100 0
142 550 200 0 0
164 550 300 0 0
145 574 200 100 0
165 574 300 100 0
111 595 0 200 0
132 595 100 200 0
111 617 0 300 0
132 617 100 300 0
149 596 200 200 0
170 596 300 200 0
150 619 200 300 0
170 619 300 300 0
185 550 400 0 0
207 550 500 0 0
185 574 400 100 0
207 574 500 100 0
226 550 600 0 0
251 550 700 0 0
229 574 600 100 0
251 574 700 100 0
190 597 400 200 0
212 597 500 200 0
190 621 400 300 0
212 621 500 300 0
233 598 600 200 0
254 598 700 200 0
232 621 600 300 0
256 621 700 300 0
185 550 400 0 0
207 550 500 0 0
185 574 400 100 0
207 574 500 100 0
226 550 600 0 0
251 550 700 0 0
229 574 600 100 0
251 574 700 100 0
190 597 400 200 0
212 597 500 200 0
190 621 400 300 0
212 621 500 300 0
233 598 600 200 0
254 598 700 200 0
232 621 600 300 0
256 621 700 300 0
