738 555 11100 12100 0
749 552 11000 12100 0
736 569 11100 12000 0
749 569 11000 12000 0
709 559 11300 12100 0
724 557 11200 12100 0
708 574 11300 12000 0
724 574 11200 12000 0
680 563 11500 12100 0
695 562 11400 12100 0
680 579 11500 12000 0
695 579 11400 12000 0
650 567 11700 12100 0
665 566 11600 12100 0
650 583 11700 12000 0
665 583 11600 12000 0
618 571 11900 12100 0
634 571 11800 12100 0
618 588 11900 12000 0
634 588 11800 12000 0
741 523 11100 12300 0
754 521 11000 12300 0
740 539 11100 12200 0
754 539 11000 12200 0
713 527 11300 12300 0
728 525 11200 12300 0
712 543 11300 12200 0
728 543 11200 12200 0
685 530 11500 12300 0
699 529 11400 12300 0
683 547 11500 12200 0
699 547 11400 12200 0
653 534 11700 12300 0
669 534 11600 12300 0
653 551 11700 12200 0
669 551 11600 12200 0
621 537 11900 12300 0
638 537 11800 12300 0
621 555 11900 12200 0
638 555 11800 12200 0
745 490 11100 12500 0
757 488 11000 12500 0
743 508 11100 12400 0
757 508 11000 12400 0
717 495 11300 12500 0
732 492 11200 12500 0
716 510 11300 12400 0
732 510 11200 12400 0
688 497 11500 12500 0
702 496 11400 12500 0
686 514 11500 12400 0
702 514 11400 12400 0
656 501 11700 12500 0
672 500 11600 12500 0
656 518 11700 12400 0
672 518 11600 12400 0
624 503 11900 12500 0
640 503 11800 12500 0
624 522 11900 12400 0
640 522 11800 12400 0
747 458 11100 12700 0
760 455 11000 12700 0
746 474 11100 12600 0
760 474 11000 12600 0
718 461 11300 12700 0
735 459 11200 12700 0
718 477 11300 12600 0
735 477 11200 12600 0
690 464 11500 12700 0
705 462 11400 12700 0
689 480 11500 12600 0
705 480 11400 12600 0
659 465 11700 12700 0
675 465 11600 12700 0
659 483 11700 12600 0
675 483 11600 12600 0
626 468 11900 12700 0
643 468 11800 12700 0
626 487 11900 12600 0
643 487 11800 12600 0
750 423 11100 12900 0
763 421 11000 12900 0
748 440 11100 12800 0
763 440 11000 12800 0
722 424 11300 12900 0
737 424 11200 12900 0
722 443 11300 12800 0
737 443 11200 12800 0
692 427 11500 12900 0
708 427 11400 12900 0
692 445 11500 12800 0
708 445 11400 12800 0
661 430 11700 12900 0
677 430 11600 12900 0
661 448 11700 12800 0
677 448 11600 12800 0
628 432 11900 12900 0
645 432 11800 12900 0
628 450 11900 12800 0
645 450 11800 12800 0
750 388 11100 13100 0
765 388 11000 13100 0
750 406 11100 13000 0
765 406 11000 13000 0
723 390 11300 13100 0
739 390 11200 13100 0
723 408 11300 13000 0
739 408 11200 13000 0
694 392 11500 13100 0
709 392 11400 13100 0
694 410 11500 13000 0
709 410 11400 13000 0
663 394 11700 13100 0
679 394 11600 13100 0
663 411 11700 13000 0
679 411 11600 13000 0
630 395 11900 13100 0
647 395 11800 13100 0
630 414 11900 13000 0
647 414 11800 13000 0
182 554 14250 12100 0
200 554 14150 12100 0
182 572 14250 12000 0
200 572 14150 12000 0
145 553 14450 12100 0
163 553 14350 12100 0
145 570 14450 12000 0
163 570 14350 12000 0
107 551 14650 12100 0
126 551 14550 12100 0
107 568 14650 12000 0
126 568 14550 12000 0
71 549 14850 12100 0
89 550 14750 12100 0
71 565 14850 12000 0
89 565 14750 12000 0
37 546 15050 12100 0
54 546 14950 12100 0
37 563 15050 12000 0
54 563 14950 12000 0
180 518 14250 12300 0
199 518 14150 12300 0
180 535 14250 12200 0
199 535 14150 12200 0
142 516 14450 12300 0
161 516 14350 12300 0
142 534 14450 12200 0
161 534 14350 12200 0
105 515 14650 12300 0
123 515 14550 12300 0
105 532 14650 12200 0
123 532 14550 12200 0
68 513 14850 12300 0
86 513 14750 12300 0
68 530 14850 12200 0
86 530 14750 12200 0
34 511 15050 12300 0
50 511 14950 12300 0
34 528 15050 12200 0
50 528 14950 12200 0
179 480 14250 12500 0
197 480 14150 12500 0
179 498 14250 12400 0
197 498 14150 12400 0
140 479 14450 12500 0
158 479 14350 12500 0
140 497 14450 12400 0
158 497 14350 12400 0
102 478 14650 12500 0
120 478 14550 12500 0
102 495 14650 12400 0
120 495 14550 12400 0
65 476 14850 12500 0
83 476 14750 12500 0
65 494 14850 12400 0
83 494 14750 12400 0
30 474 15050 12500 0
47 474 14950 12500 0
30 492 15050 12400 0
47 492 14950 12400 0
177 442 14250 12700 0
196 442 14150 12700 0
177 460 14250 12600 0
196 460 14150 12600 0
138 441 14450 12700 0
157 441 14350 12700 0
138 459 14450 12600 0
157 459 14350 12600 0
100 439 14650 12700 0
118 439 14550 12700 0
100 458 14650 12600 0
118 458 14550 12600 0
63 438 14850 12700 0
81 438 14750 12700 0
63 456 14850 12600 0
81 456 14750 12600 0
28 437 15050 12700 0
45 437 14950 12700 0
28 455 15050 12600 0
45 455 14950 12600 0
176 402 14250 12900 0
194 402 14150 12900 0
176 420 14250 12800 0
194 420 14150 12800 0
137 401 14450 12900 0
155 401 14350 12900 0
137 420 14450 12800 0
155 420 14350 12800 0
99 400 14650 12900 0
116 400 14550 12900 0
99 419 14650 12800 0
116 419 14550 12800 0
61 399 14850 12900 0
79 399 14750 12900 0
61 418 14850 12800 0
79 418 14750 12800 0
26 398 15050 12900 0
42 398 14950 12900 0
26 417 15050 12800 0
42 417 14950 12800 0
174 210 14250 14025 0
192 210 14150 14025 0
174 228 14250 13925 0
192 228 14150 13925 0
134 210 14450 14025 0
152 210 14350 14025 0
134 229 14450 13925 0
152 229 14350 13925 0
96 211 14650 14025 0
113 211 14550 14025 0
96 230 14650 13925 0
113 230 14550 13925 0
58 212 14850 14025 0
75 212 14750 14025 0
58 231 14850 13925 0
75 231 14750 13925 0
22 214 15050 14025 0
38 214 14950 14025 0
22 232 15050 13925 0
38 232 14950 13925 0
174 169 14250 14225 0
193 169 14150 14225 0
174 187 14250 14125 0
193 187 14150 14125 0
135 170 14450 14225 0
153 170 14350 14225 0
135 188 14450 14125 0
153 188 14350 14125 0
97 172 14650 14225 0
114 172 14550 14225 0
97 190 14650 14125 0
114 190 14550 14125 0
59 173 14850 14225 0
76 173 14750 14225 0
59 191 14850 14125 0
76 191 14750 14125 0
23 175 15050 14225 0
40 175 14950 14225 0
23 193 15050 14125 0
40 193 14950 14125 0
175 130 14250 14425 0
194 130 14150 14425 0
175 147 14250 14325 0
194 147 14150 14325 0
136 131 14450 14425 0
154 131 14350 14425 0
136 148 14450 14325 0
154 148 14350 14325 0
98 133 14650 14425 0
116 133 14550 14425 0
98 150 14650 14325 0
116 150 14550 14325 0
61 134 14850 14425 0
78 134 14750 14425 0
61 152 14850 14325 0
78 152 14750 14325 0
25 136 15050 14425 0
41 136 14950 14425 0
25 154 15050 14325 0
41 154 14950 14325 0
177 91 14250 14625 0
195 91 14150 14625 0
177 108 14250 14525 0
195 108 14150 14525 0
138 93 14450 14625 0
156 93 14350 14625 0
138 110 14450 14525 0
156 110 14350 14525 0
100 94 14650 14625 0
117 94 14550 14625 0
100 111 14650 14525 0
117 111 14550 14525 0
63 96 14850 14625 0
80 96 14750 14625 0
63 114 14850 14525 0
80 114 14750 14525 0
27 99 15050 14625 0
44 99 14950 14625 0
27 116 15050 14525 0
44 116 14950 14525 0
178 54 14250 14825 0
196 54 14150 14825 0
178 70 14250 14725 0
196 70 14150 14725 0
140 55 14450 14825 0
158 55 14350 14825 0
140 72 14450 14725 0
158 72 14350 14725 0
102 57 14650 14825 0
120 57 14550 14825 0
102 74 14650 14725 0
120 74 14550 14725 0
65 59 14850 14825 0
82 59 14750 14825 0
65 76 14850 14725 0
82 76 14750 14725 0
30 62 15050 14825 0
46 62 14950 14825 0
30 79 15050 14725 0
46 79 14950 14725 0
180 17 14250 15025 0
198 17 14150 15025 0
180 33 14250 14925 0
198 33 14150 14925 0
142 19 14450 15025 0
160 19 14350 15025 0
142 35 14450 14925 0
160 35 14350 14925 0
105 21 14650 15025 0
122 21 14550 15025 0
105 37 14650 14925 0
122 37 14550 14925 0
68 24 14850 15025 0
85 24 14750 15025 0
68 40 14850 14925 0
85 40 14750 14925 0
33 26 15050 15025 0
50 26 14950 15025 0
33 43 15050 14925 0
50 43 14950 14925 0
755 224 11100 14025 0
768 224 11000 14025 0
755 242 11100 13925 0
768 242 11000 13925 0
727 224 11300 14025 0
741 224 11200 14025 0
727 241 11300 13925 0
741 241 11200 13925 0
698 222 11500 14025 0
711 222 11400 14025 0
698 239 11500 13925 0
711 239 11400 13925 0
667 221 11700 14025 0
681 221 11600 14025 0
667 238 11700 13925 0
681 238 11600 13925 0
633 219 11900 14025 0
649 219 11800 14025 0
633 237 11900 13925 0
649 237 11800 13925 0
753 190 11100 14225 0
767 190 11000 14225 0
753 207 11100 14125 0
767 207 11000 14125 0
726 188 11300 14225 0
739 188 11200 14225 0
726 205 11300 14125 0
739 205 11200 14125 0
696 186 11500 14225 0
710 186 11400 14225 0
696 203 11500 14125 0
710 203 11400 14125 0
666 184 11700 14225 0
680 184 11600 14225 0
666 201 11700 14125 0
680 201 11600 14125 0
632 181 11900 14225 0
648 181 11800 14225 0
632 199 11900 14125 0
648 199 11800 14125 0
752 155 11100 14425 0
765 155 11000 14425 0
753 172 11100 14325 0
765 173 11000 14325 0
724 153 11300 14425 0
738 153 11200 14425 0
724 170 11300 14325 0
738 170 11200 14325 0
695 150 11500 14425 0
709 150 11400 14425 0
695 167 11500 14325 0
709 167 11400 14325 0
664 147 11700 14425 0
678 147 11600 14425 0
664 164 11700 14325 0
678 164 11600 14325 0
631 144 11900 14425 0
646 144 11800 14425 0
631 162 11900 14325 0
646 162 11800 14325 0
749 121 11100 14625 0
763 123 11000 14625 0
751 137 11100 14525 0
764 139 11000 14525 0
722 118 11300 14625 0
736 118 11200 14625 0
722 134 11300 14525 0
736 135 11200 14525 0
692 115 11500 14625 0
706 115 11400 14625 0
693 130 11500 14525 0
706 132 11400 14525 0
662 112 11700 14625 0
676 112 11600 14625 0
662 128 11700 14525 0
676 128 11600 14525 0
628 108 11900 14625 0
644 108 11800 14625 0
628 126 11900 14525 0
644 126 11800 14525 0
747 88 11100 14825 0
761 91 11000 14825 0
748 103 11100 14725 0
761 105 11000 14725 0
719 84 11300 14825 0
732 86 11200 14825 0
719 98 11300 14725 0
733 101 11200 14725 0
690 81 11500 14825 0
703 82 11400 14825 0
692 96 11500 14725 0
704 97 11400 14725 0
659 77 11700 14825 0
673 80 11600 14825 0
660 92 11700 14725 0
674 93 11600 14725 0
626 73 11900 14825 0
641 76 11800 14825 0
626 90 11900 14725 0
642 90 11800 14725 0
743 56 11100 15025 0
757 58 11000 15025 0
743 73 11100 14925 0
757 73 11000 14925 0
716 52 11300 15025 0
729 55 11200 15025 0
716 68 11300 14925 0
730 68 11200 14925 0
687 47 11500 15025 0
699 50 11400 15025 0
687 63 11500 14925 0
701 63 11400 14925 0
656 43 11700 15025 0
668 45 11600 15025 0
656 59 11700 14925 0
671 59 11600 14925 0
622 39 11900 15025 0
639 40 11800 15025 0
622 55 11900 14925 0
639 55 11800 14925 0
