759 543 11300 12100 0
773 543 11200 12100 0
759 561 11300 12000 0
772 559 11200 12000 0
729 549 11500 12100 0
743 547 11400 12100 0
729 566 11500 12000 0
743 563 11400 12000 0
698 552 11700 12100 0
713 551 11600 12100 0
697 571 11700 12000 0
712 568 11600 12000 0
664 556 11900 12100 0
681 556 11800 12100 0
664 575 11900 12000 0
680 574 11800 12000 0
759 508 11300 12300 0
774 508 11200 12300 0
759 526 11300 12200 0
774 526 11200 12200 0
729 511 11500 12300 0
745 511 11400 12300 0
729 530 11500 12200 0
745 530 11400 12200 0
699 516 11700 12300 0
714 516 11600 12300 0
699 534 11700 12200 0
714 534 11600 12200 0
663 520 11900 12300 0
681 519 11800 12300 0
665 538 11900 12200 0
682 536 11800 12200 0
761 473 11300 12500 0
775 471 11200 12500 0
761 490 11300 12400 0
775 488 11200 12400 0
731 475 11500 12500 0
745 475 11400 12500 0
731 494 11500 12400 0
745 492 11400 12400 0
699 480 11700 12500 0
714 478 11600 12500 0
699 498 11700 12400 0
714 498 11600 12400 0
666 482 11900 12500 0
681 482 11800 12500 0
666 501 11900 12400 0
681 501 11800 12400 0
761 436 11300 12700 0
775 436 11200 12700 0
761 454 11300 12600 0
775 454 11200 12600 0
731 438 11500 12700 0
745 438 11400 12700 0
731 457 11500 12600 0
745 457 11400 12600 0
699 441 11700 12700 0
714 441 11600 12700 0
699 460 11700 12600 0
714 460 11600 12600 0
665 444 11900 12700 0
681 444 11800 12700 0
665 463 11900 12600 0
682 462 11800 12600 0
761 400 11300 12900 0
774 400 11200 12900 0
761 418 11300 12800 0
774 418 11200 12800 0
730 402 11500 12900 0
745 402 11400 12900 0
730 420 11500 12800 0
745 420 11400 12800 0
699 403 11700 12900 0
713 403 11600 12900 0
699 422 11700 12800 0
713 422 11600 12800 0
665 405 11900 12900 0
681 405 11800 12900 0
665 424 11900 12800 0
681 424 11800 12800 0
759 363 11300 13100 0
773 363 11200 13100 0
759 381 11300 13000 0
775 381 11200 13000 0
729 366 11500 13100 0
744 366 11400 13100 0
729 382 11500 13000 0
744 382 11400 13000 0
697 366 11700 13100 0
713 366 11600 13100 0
697 384 11700 13000 0
713 384 11600 13000 0
664 366 11900 13100 0
680 366 11800 13100 0
664 385 11900 13000 0
680 385 11800 13000 0
198 545 14250 12100 0
218 545 14150 12100 0
198 565 14250 12000 0
218 565 14150 12000 0
157 543 14450 12100 0
178 543 14350 12100 0
157 564 14450 12000 0
178 564 14350 12000 0
117 543 14650 12100 0
137 543 14550 12100 0
117 563 14650 12000 0
137 563 14550 12000 0
78 541 14850 12100 0
97 541 14750 12100 0
78 561 14850 12000 0
97 561 14750 12000 0
41 539 15050 12100 0
59 539 14950 12100 0
41 559 15050 12000 0
59 559 14950 12000 0
196 503 14250 12300 0
216 503 14150 12300 0
196 523 14250 12200 0
216 523 14150 12200 0
155 503 14450 12300 0
175 503 14350 12300 0
155 523 14450 12200 0
175 523 14350 12200 0
115 501 14650 12300 0
135 501 14550 12300 0
115 522 14650 12200 0
135 522 14550 12200 0
76 501 14850 12300 0
95 501 14750 12300 0
76 521 14850 12200 0
95 521 14750 12200 0
39 499 15050 12300 0
57 499 14950 12300 0
39 519 15050 12200 0
57 519 14950 12200 0
195 462 14250 12500 0
214 462 14150 12500 0
195 482 14250 12400 0
214 482 14150 12400 0
154 462 14450 12500 0
173 462 14350 12500 0
154 482 14450 12400 0
173 482 14350 12400 0
113 461 14650 12500 0
133 461 14550 12500 0
113 481 14650 12400 0
133 481 14550 12400 0
74 460 14850 12500 0
93 460 14750 12500 0
74 480 14850 12400 0
93 480 14750 12400 0
36 459 15050 12500 0
55 459 14950 12500 0
36 479 15050 12400 0
55 479 14950 12400 0
193 420 14250 12700 0
214 420 14150 12700 0
193 440 14250 12600 0
214 440 14150 12600 0
152 420 14450 12700 0
173 420 14350 12700 0
152 440 14450 12600 0
173 440 14350 12600 0
112 420 14650 12700 0
131 420 14550 12700 0
112 439 14650 12600 0
131 439 14550 12600 0
73 419 14850 12700 0
92 419 14750 12700 0
73 439 14850 12600 0
92 439 14750 12600 0
36 418 15050 12700 0
53 418 14950 12700 0
36 438 15050 12600 0
53 438 14950 12600 0
193 378 14250 12900 0
212 378 14150 12900 0
193 398 14250 12800 0
212 398 14150 12800 0
152 378 14450 12900 0
171 378 14350 12900 0
152 398 14450 12800 0
171 398 14350 12800 0
112 378 14650 12900 0
131 378 14550 12900 0
112 398 14650 12800 0
131 398 14550 12800 0
73 378 14850 12900 0
91 378 14750 12900 0
73 397 14850 12800 0
91 397 14750 12800 0
35 377 15050 12900 0
53 377 14950 12900 0
35 397 15050 12800 0
53 397 14950 12800 0
193 184 14250 14025 0
212 184 14150 14025 0
193 203 14250 13925 0
212 203 14150 13925 0
153 185 14450 14025 0
173 185 14350 14025 0
153 204 14450 13925 0
173 204 14350 13925 0
114 187 14650 14025 0
133 187 14550 14025 0
114 206 14650 13925 0
133 206 14550 13925 0
76 188 14850 14025 0
94 188 14750 14025 0
76 207 14850 13925 0
94 207 14750 13925 0
39 190 15050 14025 0
57 190 14950 14025 0
39 209 15050 13925 0
57 209 14950 13925 0
194 146 14250 14225 0
214 146 14150 14225 0
194 163 14250 14125 0
214 163 14150 14125 0
155 147 14450 14225 0
174 147 14350 14225 0
155 165 14450 14125 0
174 165 14350 14125 0
116 148 14650 14225 0
135 148 14550 14225 0
116 167 14650 14125 0
135 167 14550 14125 0
78 150 14850 14225 0
97 150 14750 14225 0
78 169 14850 14125 0
97 169 14750 14125 0
42 152 15050 14225 0
60 152 14950 14225 0
42 170 15050 14125 0
60 170 14950 14125 0
196 108 14250 14425 0
215 108 14150 14425 0
196 126 14250 14325 0
215 126 14150 14325 0
157 109 14450 14425 0
176 109 14350 14425 0
157 127 14450 14325 0
176 127 14350 14325 0
118 111 14650 14425 0
137 111 14550 14425 0
118 129 14650 14325 0
137 129 14550 14325 0
81 113 14850 14425 0
100 113 14750 14425 0
81 131 14850 14325 0
100 131 14750 14325 0
45 115 15050 14425 0
63 115 14950 14425 0
45 133 15050 14325 0
63 133 14950 14325 0
198 72 14250 14625 0
217 72 14150 14625 0
198 89 14250 14525 0
217 89 14150 14525 0
159 73 14450 14625 0
179 73 14350 14625 0
159 91 14450 14525 0
179 91 14350 14525 0
121 75 14650 14625 0
141 75 14550 14625 0
121 93 14650 14525 0
141 93 14550 14525 0
84 77 14850 14625 0
103 77 14750 14625 0
84 95 14850 14525 0
103 95 14750 14525 0
49 79 15050 14625 0
67 79 14950 14625 0
49 97 15050 14525 0
67 97 14950 14525 0
200 37 14250 14825 0
218 37 14150 14825 0
200 53 14250 14725 0
218 53 14150 14725 0
162 38 14450 14825 0
181 38 14350 14825 0
162 55 14450 14725 0
181 55 14350 14725 0
124 40 14650 14825 0
143 40 14550 14825 0
124 57 14650 14725 0
143 57 14550 14725 0
88 42 14850 14825 0
107 42 14750 14825 0
88 59 14850 14725 0
107 59 14750 14725 0
53 45 15050 14825 0
71 45 14950 14825 0
53 63 15050 14725 0
71 63 14950 14725 0
202 5 14250 15025 0
220 5 14150 15025 0
202 20 14250 14925 0
220 20 14150 14925 0
165 5 14450 15025 0
184 5 14350 15025 0
165 21 14450 14925 0
184 21 14350 14925 0
128 7 14650 15025 0
146 7 14550 15025 0
128 23 14650 14925 0
146 23 14550 14925 0
92 9 14850 15025 0
111 9 14750 15025 0
92 26 14850 14925 0
111 26 14750 14925 0
58 12 15050 15025 0
75 12 14950 15025 0
58 29 15050 14925 0
75 29 14950 14925 0
775 193 11100 14025 0
789 193 11000 14025 0
775 210 11100 13925 0
789 210 11000 13925 0
747 190 11300 14025 0
760 191 11200 14025 0
747 207 11300 13925 0
760 207 11200 13925 0
717 188 11500 14025 0
731 188 11400 14025 0
717 205 11500 13925 0
731 205 11400 13925 0
685 186 11700 14025 0
700 186 11600 14025 0
685 203 11700 13925 0
701 203 11600 13925 0
653 183 11900 14025 0
668 183 11800 14025 0
653 201 11900 13925 0
668 201 11800 13925 0
772 159 11100 14225 0
783 159 11000 14225 0
772 176 11100 14125 0
785 176 11000 14125 0
743 156 11300 14225 0
756 157 11200 14225 0
743 172 11300 14125 0
757 172 11200 14125 0
713 153 11500 14225 0
727 154 11400 14225 0
713 169 11500 14125 0
727 169 11400 14125 0
681 150 11700 14225 0
696 151 11600 14225 0
681 167 11700 14125 0
697 167 11600 14125 0
650 148 11900 14225 0
664 149 11800 14225 0
650 164 11900 14125 0
665 164 11800 14125 0
767 126 11100 14425 0
779 127 11000 14425 0
768 141 11100 14325 0
781 141 11000 14325 0
739 123 11300 14425 0
752 124 11200 14425 0
739 139 11300 14325 0
753 139 11200 14325 0
709 119 11500 14425 0
723 120 11400 14425 0
710 135 11500 14325 0
724 135 11400 14325 0
677 116 11700 14425 0
693 116 11600 14425 0
679 131 11700 14325 0
693 132 11600 14325 0
646 113 11900 14425 0
661 113 11800 14425 0
646 129 11900 14325 0
661 129 11800 14325 0
763 94 11100 14625 0
776 96 11000 14625 0
763 109 11100 14525 0
776 109 11000 14525 0
735 90 11300 14625 0
747 92 11200 14625 0
735 105 11300 14525 0
749 105 11200 14525 0
705 86 11500 14625 0
719 88 11400 14625 0
705 101 11500 14525 0
719 101 11400 14525 0
674 83 11700 14625 0
688 84 11600 14625 0
674 98 11700 14525 0
689 98 11600 14525 0
642 79 11900 14625 0
657 82 11800 14625 0
643 94 11900 14525 0
657 96 11800 14525 0
758 63 11100 14825 0
771 64 11000 14825 0
759 78 11100 14725 0
771 78 11000 14725 0
731 59 11300 14825 0
743 61 11200 14825 0
731 73 11300 14725 0
744 74 11200 14725 0
701 55 11500 14825 0
715 56 11400 14825 0
701 69 11500 14725 0
715 69 11400 14725 0
669 50 11700 14825 0
684 52 11600 14825 0
671 65 11700 14725 0
685 65 11600 14725 0
638 47 11900 14825 0
652 48 11800 14825 0
639 61 11900 14725 0
654 62 11800 14725 0
753 34 11100 15025 0
765 36 11000 15025 0
753 48 11100 14925 0
766 48 11000 14925 0
725 29 11300 15025 0
738 32 11200 15025 0
726 41 11300 14925 0
739 43 11200 14925 0
696 24 11500 15025 0
710 27 11400 15025 0
698 36 11500 14925 0
711 39 11400 14925 0
665 20 11700 15025 0
680 22 11600 15025 0
667 32 11700 14925 0
681 35 11600 14925 0
633 16 11900 15025 0
649 16 11800 15025 0
635 29 11900 14925 0
649 30 11800 14925 0
