770 518 11100 12100 0
783 516 11000 12100 0
770 533 11100 12000 0
783 532 11000 12000 0
742 523 11300 12100 0
756 521 11200 12100 0
743 539 11300 12000 0
756 537 11200 12000 0
714 527 11500 12100 0
727 527 11400 12100 0
714 544 11500 12000 0
727 543 11400 12000 0
683 534 11700 12100 0
698 532 11600 12100 0
683 550 11700 12000 0
697 548 11600 12000 0
652 539 11900 12100 0
667 538 11800 12100 0
652 556 11900 12000 0
667 554 11800 12000 0
770 483 11100 12300 0
782 483 11000 12300 0
770 500 11100 12200 0
783 499 11000 12200 0
742 488 11300 12300 0
755 488 11200 12300 0
742 505 11300 12200 0
756 503 11200 12200 0
713 493 11500 12300 0
727 492 11400 12300 0
713 510 11500 12200 0
727 509 11400 12200 0
683 497 11700 12300 0
697 497 11600 12300 0
683 515 11700 12200 0
698 513 11600 12200 0
651 502 11900 12300 0
666 502 11800 12300 0
651 521 11900 12200 0
666 518 11800 12200 0
769 450 11100 12500 0
783 449 11000 12500 0
768 466 11100 12400 0
783 466 11000 12400 0
742 453 11300 12500 0
755 453 11200 12500 0
742 471 11300 12400 0
755 471 11200 12400 0
712 458 11500 12500 0
726 458 11400 12500 0
712 475 11500 12400 0
726 475 11400 12400 0
681 463 11700 12500 0
696 462 11600 12500 0
682 480 11700 12400 0
696 480 11600 12400 0
650 466 11900 12500 0
665 466 11800 12500 0
650 484 11900 12400 0
666 483 11800 12400 0
768 415 11100 12700 0
781 415 11000 12700 0
768 432 11100 12600 0
781 432 11000 12600 0
740 419 11300 12700 0
753 419 11200 12700 0
740 436 11300 12600 0
753 436 11200 12600 0
711 423 11500 12700 0
725 423 11400 12700 0
711 440 11500 12600 0
725 440 11400 12600 0
680 426 11700 12700 0
695 426 11600 12700 0
680 444 11700 12600 0
695 444 11600 12600 0
649 430 11900 12700 0
664 430 11800 12700 0
649 448 11900 12600 0
664 448 11800 12600 0
766 381 11100 12900 0
780 381 11000 12900 0
766 398 11100 12800 0
780 398 11000 12800 0
739 384 11300 12900 0
752 384 11200 12900 0
739 401 11300 12800 0
752 401 11200 12800 0
709 387 11500 12900 0
724 387 11400 12900 0
709 405 11500 12800 0
724 405 11400 12800 0
679 390 11700 12900 0
694 390 11600 12900 0
679 408 11700 12800 0
694 408 11600 12800 0
647 393 11900 12900 0
662 393 11800 12900 0
647 411 11900 12800 0
662 411 11800 12800 0
764 348 11100 13100 0
777 348 11000 13100 0
764 364 11100 13000 0
777 364 11000 13000 0
736 349 11300 13100 0
750 349 11200 13100 0
736 367 11300 13000 0
750 367 11200 13000 0
707 352 11500 13100 0
722 352 11400 13100 0
707 369 11500 13000 0
722 369 11400 13000 0
677 354 11700 13100 0
691 354 11600 13100 0
677 371 11700 13000 0
691 371 11600 13000 0
644 356 11900 13100 0
660 356 11800 13100 0
644 374 11900 13000 0
660 374 11800 13000 0
202 577 14250 12100 0
223 577 14150 12100 0
202 595 14250 12000 0
223 595 14150 12000 0
163 577 14450 12100 0
184 577 14350 12100 0
165 594 14450 12000 0
184 595 14350 12000 0
125 576 14650 12100 0
145 576 14550 12100 0
125 595 14650 12000 0
145 595 14550 12000 0
88 575 14850 12100 0
108 575 14750 12100 0
88 595 14850 12000 0
108 595 14750 12000 0
53 574 15050 12100 0
72 574 14950 12100 0
53 593 15050 12000 0
72 593 14950 12000 0
199 538 14250 12300 0
219 538 14150 12300 0
199 558 14250 12200 0
219 558 14150 12200 0
160 539 14450 12300 0
180 539 14350 12300 0
160 558 14450 12200 0
180 558 14350 12200 0
122 538 14650 12300 0
141 538 14550 12300 0
122 558 14650 12200 0
141 558 14550 12200 0
84 537 14850 12300 0
104 537 14750 12300 0
86 556 14850 12200 0
104 557 14750 12200 0
50 536 15050 12300 0
67 536 14950 12300 0
50 556 15050 12200 0
67 556 14950 12200 0
196 499 14250 12500 0
215 499 14150 12500 0
196 518 14250 12400 0
215 518 14150 12400 0
156 499 14450 12500 0
176 499 14350 12500 0
156 518 14450 12400 0
176 518 14350 12400 0
118 499 14650 12500 0
138 499 14550 12500 0
118 518 14650 12400 0
138 518 14550 12400 0
81 499 14850 12500 0
100 499 14750 12500 0
83 518 14850 12400 0
100 518 14750 12400 0
45 498 15050 12500 0
64 498 14950 12500 0
45 517 15050 12400 0
64 517 14950 12400 0
193 459 14250 12700 0
212 459 14150 12700 0
193 478 14250 12600 0
212 478 14150 12600 0
154 459 14450 12700 0
173 459 14350 12700 0
154 479 14450 12600 0
173 479 14350 12600 0
116 459 14650 12700 0
135 459 14550 12700 0
116 479 14650 12600 0
135 479 14550 12600 0
78 459 14850 12700 0
97 459 14750 12700 0
78 479 14850 12600 0
97 479 14750 12600 0
42 459 15050 12700 0
61 459 14950 12700 0
42 478 15050 12600 0
61 478 14950 12600 0
191 418 14250 12900 0
211 418 14150 12900 0
191 438 14250 12800 0
211 438 14150 12800 0
152 419 14450 12900 0
171 419 14350 12900 0
152 438 14450 12800 0
171 438 14350 12800 0
114 419 14650 12900 0
132 419 14550 12900 0
114 439 14650 12800 0
132 439 14550 12800 0
76 419 14850 12900 0
95 419 14750 12900 0
76 439 14850 12800 0
95 439 14750 12800 0
40 419 15050 12900 0
58 419 14950 12900 0
40 439 15050 12800 0
58 439 14950 12800 0
189 377 14250 13100 0
209 377 14150 13100 0
189 397 14250 13000 0
209 397 14150 13000 0
150 378 14450 13100 0
169 378 14350 13100 0
150 398 14450 13000 0
169 398 14350 13000 0
112 379 14650 13100 0
131 379 14550 13100 0
112 398 14650 13000 0
131 398 14550 13000 0
75 379 14850 13100 0
93 379 14750 13100 0
75 399 14850 13000 0
93 399 14750 13000 0
38 380 15050 13100 0
57 380 14950 13100 0
38 400 15050 13000 0
57 400 14950 13000 0
186 190 14250 14025 0
204 190 14150 14025 0
186 209 14250 13925 0
204 209 14150 13925 0
148 192 14450 14025 0
166 192 14350 14025 0
148 211 14450 13925 0
166 211 14350 13925 0
110 194 14650 14025 0
129 194 14550 14025 0
110 213 14650 13925 0
129 213 14550 13925 0
74 197 14850 14025 0
92 197 14750 14025 0
74 216 14850 13925 0
92 216 14750 13925 0
40 199 15050 14025 0
57 199 14950 14025 0
40 218 15050 13925 0
57 218 14950 13925 0
186 153 14250 14225 0
205 153 14150 14225 0
186 171 14250 14125 0
205 171 14150 14125 0
149 155 14450 14225 0
167 155 14350 14225 0
149 173 14450 14125 0
167 173 14350 14125 0
112 157 14650 14225 0
130 157 14550 14225 0
112 176 14650 14125 0
130 176 14550 14125 0
76 160 14850 14225 0
94 160 14750 14225 0
76 178 14850 14125 0
94 178 14750 14125 0
42 162 15050 14225 0
59 162 14950 14225 0
42 181 15050 14125 0
59 181 14950 14125 0
187 117 14250 14425 0
205 117 14150 14425 0
187 135 14250 14325 0
205 135 14150 14325 0
150 119 14450 14425 0
168 119 14350 14425 0
150 137 14450 14325 0
168 137 14350 14325 0
114 121 14650 14425 0
132 121 14550 14425 0
114 139 14650 14325 0
132 139 14550 14325 0
78 124 14850 14425 0
96 124 14750 14425 0
78 142 14850 14325 0
96 142 14750 14325 0
44 126 15050 14425 0
62 126 14950 14425 0
44 145 15050 14325 0
62 145 14950 14325 0
188 82 14250 14625 0
206 82 14150 14625 0
188 99 14250 14525 0
206 99 14150 14525 0
152 84 14450 14625 0
170 84 14350 14625 0
152 102 14450 14525 0
170 102 14350 14525 0
116 86 14650 14625 0
134 86 14550 14625 0
116 104 14650 14525 0
134 104 14550 14525 0
81 89 14850 14625 0
98 89 14750 14625 0
81 107 14850 14525 0
98 107 14750 14525 0
47 92 15050 14625 0
64 92 14950 14625 0
47 110 15050 14525 0
64 110 14950 14525 0
190 49 14250 14825 0
208 49 14150 14825 0
190 65 14250 14725 0
208 65 14150 14725 0
154 51 14450 14825 0
172 51 14350 14825 0
154 68 14450 14725 0
172 68 14350 14725 0
118 53 14650 14825 0
136 53 14550 14825 0
118 71 14650 14725 0
136 71 14550 14725 0
84 56 14850 14825 0
102 56 14750 14825 0
84 74 14850 14725 0
102 74 14750 14725 0
52 59 15050 14825 0
68 59 14950 14825 0
52 77 15050 14725 0
68 77 14950 14725 0
192 17 14250 15025 0
209 17 14150 15025 0
192 33 14250 14925 0
209 33 14150 14925 0
156 19 14450 15025 0
174 19 14350 15025 0
156 36 14450 14925 0
174 36 14350 14925 0
121 22 14650 15025 0
140 22 14550 15025 0
121 38 14650 14925 0
140 38 14550 14925 0
87 25 14850 15025 0
105 25 14750 15025 0
87 41 14850 14925 0
105 41 14750 14925 0
55 28 15050 15025 0
72 28 14950 15025 0
55 45 15050 14925 0
72 45 14950 14925 0
746 186 11100 14025 0
758 187 11000 14025 0
747 202 11100 13925 0
761 202 11000 13925 0
718 185 11300 14025 0
731 185 11200 14025 0
718 200 11300 13925 0
733 200 11200 13925 0
690 184 11500 14025 0
704 184 11400 14025 0
692 200 11500 13925 0
705 199 11400 13925 0
660 183 11700 14025 0
675 183 11600 14025 0
662 198 11700 13925 0
675 198 11600 13925 0
629 182 11900 14025 0
644 182 11800 14025 0
629 198 11900 13925 0
644 198 11800 13925 0
742 155 11100 14225 0
753 155 11000 14225 0
742 169 11100 14125 0
756 169 11000 14125 0
715 153 11300 14225 0
728 153 11200 14225 0
715 168 11300 14125 0
728 168 11200 14125 0
686 151 11500 14225 0
700 151 11400 14225 0
686 166 11500 14125 0
700 166 11400 14125 0
656 149 11700 14225 0
671 149 11600 14225 0
656 164 11700 14125 0
671 164 11600 14125 0
625 148 11900 14225 0
640 148 11800 14225 0
625 163 11900 14125 0
640 163 11800 14125 0
736 124 11100 14425 0
748 124 11000 14425 0
738 138 11100 14325 0
752 138 11000 14325 0
709 122 11300 14425 0
721 122 11200 14425 0
711 135 11300 14325 0
724 136 11200 14325 0
681 119 11500 14425 0
695 119 11400 14425 0
681 134 11500 14325 0
695 134 11400 14325 0
652 117 11700 14425 0
666 117 11600 14425 0
652 132 11700 14325 0
666 132 11600 14325 0
621 115 11900 14425 0
636 115 11800 14425 0
621 130 11900 14325 0
636 130 11800 14325 0
732 93 11100 14625 0
745 93 11000 14625 0
732 107 11100 14525 0
745 107 11000 14525 0
705 91 11300 14625 0
719 91 11200 14625 0
705 104 11300 14525 0
719 104 11200 14525 0
677 88 11500 14625 0
690 89 11400 14625 0
677 102 11500 14525 0
691 102 11400 14525 0
646 85 11700 14625 0
660 86 11600 14625 0
648 99 11700 14525 0
662 100 11600 14525 0
616 83 11900 14625 0
632 83 11800 14625 0
617 97 11900 14525 0
632 98 11800 14525 0
727 64 11100 14825 0
738 65 11000 14825 0
729 77 11100 14725 0
740 78 11000 14725 0
700 61 11300 14825 0
712 63 11200 14825 0
700 75 11300 14725 0
713 75 11200 14725 0
672 57 11500 14825 0
685 58 11400 14825 0
672 72 11500 14725 0
686 72 11400 14725 0
642 54 11700 14825 0
655 56 11600 14825 0
644 68 11700 14725 0
657 69 11600 14725 0
612 51 11900 14825 0
625 52 11800 14825 0
612 65 11900 14725 0
627 66 11800 14725 0
721 36 11100 15025 0
732 38 11000 15025 0
723 48 11100 14925 0
734 49 11000 14925 0
694 33 11300 15025 0
706 34 11200 15025 0
695 44 11300 14925 0
708 46 11200 14925 0
666 29 11500 15025 0
679 31 11400 15025 0
668 42 11500 14925 0
681 43 11400 14925 0
637 26 11700 15025 0
652 26 11600 15025 0
640 39 11700 14925 0
652 39 11600 14925 0
607 23 11900 15025 0
622 23 11800 15025 0
607 36 11900 14925 0
622 36 11800 14925 0
