849 638 11100 12100 0
862 638 11000 12100 0
849 653 11100 12000 0
862 653 11000 12000 0
821 644 11300 12100 0
834 644 11200 12100 0
821 658 11300 12000 0
834 658 11200 12000 0
792 648 11500 12100 0
806 648 11400 12100 0
792 662 11500 12000 0
806 662 11400 12000 0
762 652 11700 12100 0
776 652 11600 12100 0
762 667 11700 12000 0
776 667 11600 12000 0
731 656 11900 12100 0
746 656 11800 12100 0
731 671 11900 12000 0
746 671 11800 12000 0
852 607 11100 12300 0
865 607 11000 12300 0
852 622 11100 12200 0
865 622 11000 12200 0
825 612 11300 12300 0
838 612 11200 12300 0
825 626 11300 12200 0
838 626 11200 12200 0
796 616 11500 12300 0
810 616 11400 12300 0
796 631 11500 12200 0
810 631 11400 12200 0
765 620 11700 12300 0
780 620 11600 12300 0
765 635 11700 12200 0
780 635 11600 12200 0
735 624 11900 12300 0
748 624 11800 12300 0
735 639 11900 12200 0
748 639 11800 12200 0
856 575 11100 12500 0
869 575 11000 12500 0
856 590 11100 12400 0
869 590 11000 12400 0
828 578 11300 12500 0
842 578 11200 12500 0
828 594 11300 12400 0
842 594 11200 12400 0
798 582 11500 12500 0
813 582 11400 12500 0
798 598 11500 12400 0
813 598 11400 12400 0
768 586 11700 12500 0
783 586 11600 12500 0
768 602 11700 12400 0
783 602 11600 12400 0
737 590 11900 12500 0
751 590 11800 12500 0
737 605 11900 12400 0
751 605 11800 12400 0
860 542 11100 12700 0
872 542 11000 12700 0
860 557 11100 12600 0
872 557 11000 12600 0
831 545 11300 12700 0
845 545 11200 12700 0
831 561 11300 12600 0
845 561 11200 12600 0
802 548 11500 12700 0
816 548 11400 12700 0
802 564 11500 12600 0
816 564 11400 12600 0
771 552 11700 12700 0
785 552 11600 12700 0
771 568 11700 12600 0
785 568 11600 12600 0
739 554 11900 12700 0
754 554 11800 12700 0
739 570 11900 12600 0
754 570 11800 12600 0
862 508 11100 12900 0
875 508 11000 12900 0
862 524 11100 12800 0
875 524 11000 12800 0
834 511 11300 12900 0
847 511 11200 12900 0
834 527 11300 12800 0
847 527 11200 12800 0
804 512 11500 12900 0
818 512 11400 12900 0
804 530 11500 12800 0
818 530 11400 12800 0
774 516 11700 12900 0
787 516 11600 12900 0
774 532 11700 12800 0
787 532 11600 12800 0
742 518 11900 12900 0
756 518 11800 12900 0
742 535 11900 12800 0
756 535 11800 12800 0
864 474 11100 13100 0
877 474 11000 13100 0
864 490 11100 13000 0
877 490 11000 13000 0
836 476 11300 13100 0
849 476 11200 13100 0
836 492 11300 13000 0
849 492 11200 13000 0
806 478 11500 13100 0
820 478 11400 13100 0
806 494 11500 13000 0
820 494 11400 13000 0
776 480 11700 13100 0
789 480 11600 13100 0
776 496 11700 13000 0
789 496 11600 13000 0
744 482 11900 13100 0
758 482 11800 13100 0
744 498 11900 13000 0
758 498 11800 13000 0
296 673 14250 12100 0
313 673 14150 12100 0
296 688 14250 12000 0
313 688 14150 12000 0
258 673 14450 12100 0
276 673 14350 12100 0
258 686 14450 12000 0
276 686 14350 12000 0
222 669 14650 12100 0
239 669 14550 12100 0
222 685 14650 12000 0
239 685 14550 12000 0
186 667 14850 12100 0
203 667 14750 12100 0
186 682 14850 12000 0
203 682 14750 12000 0
152 665 15050 12100 0
169 665 14950 12100 0
152 680 15050 12000 0
169 680 14950 12000 0
294 637 14250 12300 0
311 637 14150 12300 0
294 653 14250 12200 0
311 653 14150 12200 0
256 636 14450 12300 0
273 636 14350 12300 0
256 652 14450 12200 0
273 652 14350 12200 0
219 634 14650 12300 0
236 634 14550 12300 0
219 650 14650 12200 0
236 650 14550 12200 0
183 632 14850 12300 0
199 632 14750 12300 0
183 648 14850 12200 0
199 648 14750 12200 0
148 631 15050 12300 0
165 631 14950 12300 0
148 646 15050 12200 0
165 646 14950 12200 0
292 601 14250 12500 0
308 601 14150 12500 0
292 618 14250 12400 0
308 618 14150 12400 0
254 599 14450 12500 0
271 599 14350 12500 0
254 616 14450 12400 0
271 616 14350 12400 0
216 598 14650 12500 0
233 598 14550 12500 0
216 614 14650 12400 0
233 614 14550 12400 0
180 596 14850 12500 0
197 596 14750 12500 0
180 613 14850 12400 0
197 613 14750 12400 0
144 594 15050 12500 0
161 594 14950 12500 0
144 610 15050 12400 0
161 610 14950 12400 0
290 563 14250 12700 0
307 563 14150 12700 0
290 580 14250 12600 0
307 580 14150 12600 0
251 562 14450 12700 0
269 562 14350 12700 0
251 579 14450 12600 0
269 579 14350 12600 0
214 560 14650 12700 0
231 560 14550 12700 0
214 578 14650 12600 0
231 578 14550 12600 0
177 560 14850 12700 0
193 560 14750 12700 0
177 576 14850 12600 0
193 576 14750 12600 0
141 558 15050 12700 0
157 558 14950 12700 0
141 574 15050 12600 0
157 574 14950 12600 0
289 525 14250 12900 0
306 525 14150 12900 0
289 542 14250 12800 0
306 542 14150 12800 0
249 524 14450 12900 0
267 524 14350 12900 0
249 541 14450 12800 0
267 541 14350 12800 0
211 522 14650 12900 0
229 522 14550 12900 0
211 539 14650 12800 0
229 539 14550 12800 0
174 522 14850 12900 0
191 522 14750 12900 0
174 538 14850 12800 0
191 538 14750 12800 0
138 520 15050 12900 0
155 520 14950 12900 0
138 537 15050 12800 0
155 537 14950 12800 0
287 486 14250 13100 0
305 486 14150 13100 0
287 502 14250 13000 0
305 502 14150 13000 0
248 484 14450 13100 0
265 484 14350 13100 0
248 501 14450 13000 0
265 501 14350 13000 0
209 484 14650 13100 0
227 484 14550 13100 0
209 501 14650 13000 0
227 501 14550 13000 0
172 483 14850 13100 0
189 483 14750 13100 0
172 499 14850 13000 0
189 499 14750 13000 0
137 482 15050 13100 0
153 482 14950 13100 0
137 498 15050 13000 0
153 498 14950 13000 0
285 296 14250 14025 0
303 296 14150 14025 0
285 313 14250 13925 0
303 313 14150 13925 0
246 296 14450 14025 0
263 296 14350 14025 0
246 313 14450 13925 0
263 313 14350 13925 0
207 297 14650 14025 0
224 296 14550 14025 0
207 313 14650 13925 0
222 313 14550 13925 0
170 297 14850 14025 0
186 296 14750 14025 0
170 315 14850 13925 0
185 315 14750 13925 0
134 297 15050 14025 0
149 297 14950 14025 0
134 315 15050 13925 0
149 315 14950 13925 0
286 254 14250 14225 0
303 254 14150 14225 0
286 271 14250 14125 0
303 271 14150 14125 0
247 256 14450 14225 0
263 256 14350 14225 0
247 273 14450 14125 0
263 273 14350 14125 0
208 256 14650 14225 0
225 256 14550 14225 0
208 273 14650 14125 0
225 273 14550 14125 0
171 258 14850 14225 0
187 258 14750 14225 0
171 275 14850 14125 0
187 275 14750 14125 0
134 259 15050 14225 0
151 259 14950 14225 0
134 276 15050 14125 0
151 276 14950 14125 0
288 215 14250 14425 0
304 215 14150 14425 0
288 232 14250 14325 0
304 232 14150 14325 0
248 216 14450 14425 0
266 216 14350 14425 0
248 233 14450 14325 0
266 233 14350 14325 0
210 216 14650 14425 0
226 216 14550 14425 0
210 234 14650 14325 0
226 234 14550 14325 0
172 218 14850 14425 0
188 218 14750 14425 0
172 236 14850 14325 0
188 236 14750 14325 0
137 220 15050 14425 0
152 220 14950 14425 0
137 237 15050 14325 0
152 237 14950 14325 0
289 176 14250 14625 0
306 176 14150 14625 0
289 192 14250 14525 0
306 192 14150 14525 0
250 178 14450 14625 0
267 178 14350 14625 0
250 194 14450 14525 0
267 194 14350 14525 0
212 178 14650 14625 0
228 178 14550 14625 0
212 195 14650 14525 0
228 195 14550 14525 0
175 181 14850 14625 0
192 180 14750 14625 0
175 197 14850 14525 0
191 197 14750 14525 0
139 182 15050 14625 0
154 182 14950 14625 0
139 199 15050 14525 0
154 199 14950 14525 0
291 138 14250 14825 0
308 138 14150 14825 0
291 155 14250 14725 0
309 154 14150 14725 0
252 140 14450 14825 0
269 140 14350 14825 0
252 156 14450 14725 0
269 156 14350 14725 0
214 142 14650 14825 0
231 142 14550 14825 0
214 158 14650 14725 0
231 158 14550 14725 0
177 144 14850 14825 0
195 143 14750 14825 0
177 159 14850 14725 0
194 159 14750 14725 0
142 145 15050 14825 0
158 145 14950 14825 0
142 162 15050 14725 0
158 162 14950 14725 0
293 102 14250 15025 0
311 102 14150 15025 0
293 117 14250 14925 0
310 117 14150 14925 0
255 102 14450 15025 0
271 102 14350 15025 0
254 117 14450 14925 0
272 117 14350 14925 0
218 105 14650 15025 0
235 104 14550 15025 0
218 119 14650 14925 0
234 119 14550 14925 0
181 107 14850 15025 0
198 107 14750 15025 0
181 121 14850 14925 0
198 121 14750 14925 0
146 110 15050 15025 0
161 110 14950 15025 0
146 126 15050 14925 0
161 126 14950 14925 0
867 310 11100 14025 0
879 310 11000 14025 0
867 324 11100 13925 0
879 324 11000 13925 0
839 308 11300 14025 0
851 308 11200 14025 0
839 324 11300 13925 0
851 324 11200 13925 0
810 307 11500 14025 0
822 307 11400 14025 0
810 322 11500 13925 0
822 322 11400 13925 0
779 306 11700 14025 0
792 306 11600 14025 0
779 320 11700 13925 0
792 320 11600 13925 0
748 304 11900 14025 0
760 304 11800 14025 0
748 320 11900 13925 0
760 320 11800 13925 0
866 275 11100 14225 0
878 275 11000 14225 0
866 290 11100 14125 0
878 290 11000 14125 0
838 273 11300 14225 0
850 273 11200 14225 0
838 288 11300 14125 0
850 288 11200 14125 0
808 270 11500 14225 0
821 270 11400 14225 0
808 286 11500 14125 0
821 286 11400 14125 0
778 268 11700 14225 0
791 268 11600 14225 0
778 284 11700 14125 0
791 284 11600 14125 0
746 266 11900 14225 0
759 266 11800 14225 0
746 282 11900 14125 0
759 282 11800 14125 0
864 241 11100 14425 0
876 241 11000 14425 0
864 256 11100 14325 0
876 256 11000 14325 0
836 238 11300 14425 0
848 238 11200 14425 0
836 253 11300 14325 0
848 253 11200 14325 0
807 235 11500 14425 0
820 235 11400 14425 0
807 250 11500 14325 0
820 250 11400 14325 0
776 232 11700 14425 0
789 232 11600 14425 0
776 248 11700 14325 0
789 248 11600 14325 0
745 230 11900 14425 0
758 230 11800 14425 0
745 246 11900 14325 0
758 246 11800 14325 0
862 207 11100 14625 0
874 207 11000 14625 0
862 222 11100 14525 0
874 222 11000 14525 0
834 204 11300 14625 0
847 204 11200 14625 0
834 218 11300 14525 0
847 218 11200 14525 0
805 200 11500 14625 0
818 200 11400 14625 0
805 214 11500 14525 0
818 214 11400 14525 0
774 197 11700 14625 0
787 197 11600 14625 0
774 212 11700 14525 0
787 212 11600 14525 0
743 194 11900 14625 0
756 194 11800 14625 0
743 208 11900 14525 0
756 208 11800 14525 0
859 174 11100 14825 0
872 174 11000 14825 0
859 188 11100 14725 0
872 188 11000 14725 0
831 170 11300 14825 0
844 170 11200 14825 0
831 184 11300 14725 0
844 184 11200 14725 0
802 166 11500 14825 0
815 166 11400 14825 0
802 180 11500 14725 0
815 180 11400 14725 0
772 162 11700 14825 0
785 162 11600 14825 0
772 178 11700 14725 0
785 178 11600 14725 0
741 158 11900 14825 0
753 158 11800 14825 0
741 174 11900 14725 0
753 174 11800 14725 0
856 141 11100 15025 0
868 141 11000 15025 0
856 156 11100 14925 0
868 156 11000 14925 0
828 137 11300 15025 0
841 137 11200 15025 0
828 152 11300 14925 0
841 152 11200 14925 0
799 133 11500 15025 0
812 133 11400 15025 0
799 148 11500 14925 0
812 148 11400 14925 0
769 128 11700 15025 0
782 128 11600 15025 0
769 142 11700 14925 0
782 142 11600 14925 0
737 122 11900 15025 0
751 124 11800 15025 0
738 138 11900 14925 0
751 140 11800 14925 0
