939 690 10850 11850 0
955 690 10750 11850 0
939 707 10850 11750 0
955 707 10750 11750 0
911 695 11050 11850 0
926 695 10950 11850 0
911 712 11050 11750 0
926 712 10950 11750 0
882 699 11250 11850 0
897 699 11150 11850 0
882 716 11250 11750 0
897 716 11150 11750 0
851 703 11450 11850 0
866 703 11350 11850 0
851 720 11450 11750 0
866 720 11350 11750 0
818 707 11650 11850 0
834 707 11550 11850 0
818 725 11650 11750 0
834 725 11550 11750 0
944 656 10850 12050 0
960 656 10750 12050 0
944 674 10850 11950 0
960 674 10750 11950 0
916 660 11050 12050 0
931 660 10950 12050 0
916 677 11050 11950 0
931 677 10950 11950 0
887 664 11250 12050 0
902 664 11150 12050 0
887 681 11250 11950 0
902 681 11150 11950 0
856 668 11450 12050 0
871 668 11350 12050 0
856 685 11450 11950 0
871 685 11350 11950 0
822 671 11650 12050 0
839 671 11550 12050 0
822 689 11650 11950 0
839 689 11550 11950 0
949 622 10850 12250 0
965 622 10750 12250 0
949 639 10850 12150 0
965 639 10750 12150 0
921 625 11050 12250 0
935 625 10950 12250 0
921 642 11050 12150 0
935 642 10950 12150 0
892 628 11250 12250 0
907 628 11150 12250 0
892 646 11250 12150 0
907 646 11150 12150 0
861 631 11450 12250 0
876 631 11350 12250 0
861 649 11450 12150 0
876 649 11350 12150 0
826 634 11650 12250 0
844 634 11550 12250 0
826 653 11650 12150 0
844 653 11550 12150 0
954 586 10850 12450 0
968 586 10750 12450 0
954 603 10850 12350 0
968 603 10750 12350 0
926 589 11050 12450 0
939 589 10950 12450 0
926 606 11050 12350 0
939 606 10950 12350 0
896 591 11250 12450 0
911 591 11150 12450 0
896 609 11250 12350 0
911 609 11150 12350 0
865 594 11450 12450 0
880 594 11350 12450 0
865 612 11450 12350 0
880 612 11350 12350 0
832 596 11650 12450 0
848 596 11550 12450 0
832 614 11650 12350 0
848 614 11550 12350 0
958 550 10850 12650 0
971 550 10750 12650 0
958 567 10850 12550 0
971 567 10750 12550 0
930 552 11050 12650 0
943 552 10950 12650 0
930 569 11050 12550 0
943 569 10950 12550 0
900 554 11250 12650 0
914 554 11150 12650 0
900 571 11250 12550 0
914 571 11150 12550 0
869 556 11450 12650 0
883 556 11350 12650 0
869 573 11450 12550 0
883 573 11350 12550 0
836 557 11650 12650 0
851 557 11550 12650 0
836 575 11650 12550 0
851 575 11550 12550 0
961 513 10850 12850 0
973 513 10750 12850 0
961 530 10850 12750 0
973 530 10750 12750 0
933 515 11050 12850 0
946 515 10950 12850 0
933 532 11050 12750 0
946 532 10950 12750 0
903 516 11250 12850 0
917 516 11150 12850 0
903 533 11250 12750 0
917 533 11150 12750 0
872 517 11450 12850 0
886 517 11350 12850 0
872 534 11450 12750 0
886 534 11350 12750 0
839 518 11650 12850 0
854 518 11550 12850 0
839 536 11650 12750 0
854 536 11550 12750 0
960 293 10850 14025 0
971 293 10750 14025 0
960 310 10850 13925 0
971 310 10750 13925 0
932 290 11050 14025 0
944 290 10950 14025 0
932 307 11050 13925 0
944 307 10950 13925 0
903 287 11250 14025 0
916 287 11150 14025 0
903 304 11250 13925 0
916 304 11150 13925 0
872 284 11450 14025 0
886 284 11350 14025 0
872 301 11450 13925 0
886 301 11350 13925 0
840 281 11650 14025 0
854 281 11550 14025 0
840 298 11650 13925 0
854 298 11550 13925 0
957 257 10850 14225 0
969 257 10750 14225 0
957 274 10850 14125 0
969 274 10750 14125 0
929 254 11050 14225 0
942 254 10950 14225 0
929 270 11050 14125 0
942 270 10950 14125 0
900 250 11250 14225 0
913 250 11150 14225 0
900 267 11250 14125 0
913 267 11150 14125 0
869 246 11450 14225 0
883 246 11350 14225 0
869 263 11450 14125 0
883 263 11350 14125 0
837 242 11650 14225 0
852 242 11550 14225 0
837 259 11650 14125 0
852 259 11550 14125 0
953 222 10850 14425 0
967 222 10750 14425 0
953 239 10850 14325 0
967 239 10750 14325 0
926 218 11050 14425 0
939 218 10950 14425 0
926 234 11050 14325 0
939 234 10950 14325 0
897 214 11250 14425 0
910 214 11150 14425 0
897 230 11250 14325 0
910 230 11150 14325 0
866 209 11450 14425 0
880 209 11350 14425 0
866 226 11450 14325 0
880 226 11350 14325 0
834 205 11650 14425 0
848 205 11550 14425 0
834 221 11650 14325 0
848 221 11550 14325 0
950 188 10850 14625 0
963 188 10750 14625 0
950 205 10850 14525 0
963 205 10750 14525 0
922 183 11050 14625 0
935 183 10950 14625 0
922 199 11050 14525 0
935 199 10950 14525 0
893 178 11250 14625 0
906 178 11150 14625 0
893 194 11250 14525 0
906 194 11150 14525 0
863 174 11450 14625 0
876 174 11350 14625 0
863 189 11450 14525 0
876 189 11350 14525 0
830 169 11650 14625 0
845 169 11550 14625 0
830 184 11650 14525 0
845 184 11550 14525 0
945 155 10850 14825 0
958 155 10750 14825 0
945 171 10850 14725 0
958 171 10750 14725 0
918 150 11050 14825 0
931 150 10950 14825 0
918 165 11050 14725 0
931 165 10950 14725 0
889 143 11250 14825 0
902 143 11150 14825 0
889 160 11250 14725 0
902 160 11150 14725 0
858 138 11450 14825 0
872 138 11350 14825 0
858 154 11450 14725 0
872 154 11350 14725 0
826 133 11650 14825 0
841 133 11550 14825 0
826 149 11650 14725 0
841 149 11550 14725 0
940 123 10850 15025 0
954 123 10750 15025 0
940 138 10850 14925 0
954 138 10750 14925 0
913 117 11050 15025 0
926 117 10950 15025 0
913 133 11050 14925 0
926 133 10950 14925 0
884 111 11250 15025 0
898 111 11150 15025 0
884 126 11250 14925 0
898 126 11150 14925 0
854 106 11450 15025 0
868 106 11350 15025 0
854 120 11450 14925 0
868 120 11350 14925 0
822 100 11650 15025 0
837 100 11550 15025 0
822 115 11650 14925 0
837 115 11550 14925 0
249 255 14500 14025 0
267 255 14400 14025 0
249 273 14500 13925 0
267 273 14400 13925 0
209 257 14700 14025 0
227 257 14600 14025 0
209 274 14700 13925 0
227 274 14600 13925 0
171 258 14900 14025 0
188 258 14800 14025 0
171 276 14900 13925 0
188 276 14800 13925 0
134 260 15100 14025 0
151 260 15000 14025 0
134 278 15100 13925 0
151 278 15000 13925 0
100 262 15300 14025 0
115 262 15200 14025 0
100 280 15300 13925 0
115 280 15200 13925 0
252 215 14500 14225 0
270 215 14400 14225 0
252 232 14500 14125 0
270 232 14400 14125 0
212 216 14700 14225 0
230 216 14600 14225 0
212 233 14700 14125 0
230 233 14600 14125 0
174 219 14900 14225 0
191 219 14800 14225 0
174 235 14900 14125 0
191 235 14800 14125 0
138 221 15100 14225 0
154 221 15000 14225 0
138 238 15100 14125 0
154 238 15000 14125 0
103 224 15300 14225 0
118 224 15200 14225 0
103 240 15300 14125 0
118 240 15200 14125 0
255 175 14500 14425 0
272 175 14400 14425 0
255 192 14500 14325 0
272 192 14400 14325 0
216 177 14700 14425 0
233 177 14600 14425 0
216 194 14700 14325 0
233 194 14600 14325 0
178 180 14900 14425 0
195 180 14800 14425 0
178 196 14900 14325 0
195 196 14800 14325 0
141 183 15100 14425 0
158 183 15000 14425 0
141 199 15100 14325 0
158 199 15000 14325 0
107 186 15300 14425 0
122 186 15200 14425 0
107 202 15300 14325 0
122 202 15200 14325 0
258 137 14500 14625 0
275 137 14400 14625 0
258 153 14500 14525 0
275 153 14400 14525 0
219 140 14700 14625 0
236 140 14600 14625 0
219 155 14700 14525 0
236 155 14600 14525 0
182 143 14900 14625 0
199 143 14800 14625 0
182 158 14900 14525 0
199 158 14800 14525 0
146 146 15100 14625 0
162 146 15000 14625 0
146 161 15100 14525 0
162 161 15000 14525 0
111 150 15300 14625 0
127 150 15200 14625 0
111 165 15300 14525 0
127 165 15200 14525 0
261 101 14500 14825 0
279 101 14400 14825 0
261 116 14500 14725 0
279 116 14400 14725 0
223 104 14700 14825 0
240 104 14600 14825 0
223 119 14700 14725 0
240 119 14600 14725 0
186 107 14900 14825 0
203 107 14800 14825 0
186 122 14900 14725 0
203 122 14800 14725 0
151 110 15100 14825 0
166 110 15000 14825 0
151 125 15100 14725 0
166 125 15000 14725 0
117 114 15300 14825 0
131 114 15200 14825 0
117 129 15300 14725 0
131 129 15200 14725 0
265 66 14500 15025 0
282 66 14400 15025 0
265 80 14500 14925 0
282 80 14400 14925 0
228 69 14700 15025 0
244 69 14600 15025 0
228 83 14700 14925 0
244 83 14600 14925 0
191 73 14900 15025 0
207 73 14800 15025 0
191 87 14900 14925 0
207 87 14800 14925 0
156 76 15100 15025 0
171 76 15000 15025 0
156 90 15100 14925 0
171 90 15000 14925 0
122 81 15300 15025 0
137 81 15200 15025 0
122 95 15300 14925 0
137 95 15200 14925 0
254 715 14500 11850 0
273 715 14400 11850 0
254 733 14500 11750 0
273 733 14400 11750 0
216 712 14700 11850 0
234 712 14600 11850 0
216 729 14700 11750 0
234 729 14600 11750 0
179 708 14900 11850 0
196 708 14800 11850 0
179 725 14900 11750 0
196 725 14800 11750 0
143 704 15100 11850 0
160 704 15000 11850 0
143 721 15100 11750 0
160 721 15000 11750 0
108 700 15300 11850 0
125 700 15200 11850 0
108 716 15300 11750 0
125 716 15200 11750 0
252 677 14500 12050 0
270 677 14400 12050 0
252 696 14500 11950 0
270 696 14400 11950 0
213 674 14700 12050 0
231 674 14600 12050 0
213 692 14700 11950 0
231 692 14600 11950 0
175 670 14900 12050 0
193 670 14800 12050 0
175 689 14900 11950 0
193 689 14800 11950 0
139 667 15100 12050 0
156 667 15000 12050 0
139 685 15100 11950 0
156 685 15000 11950 0
104 663 15300 12050 0
121 663 15200 12050 0
104 680 15300 11950 0
121 680 15200 11950 0
249 638 14500 12250 0
269 638 14400 12250 0
249 657 14500 12150 0
269 657 14400 12150 0
210 635 14700 12250 0
228 635 14600 12250 0
210 654 14700 12150 0
228 654 14600 12150 0
172 632 14900 12250 0
190 632 14800 12250 0
172 650 14900 12150 0
190 650 14800 12150 0
136 628 15100 12250 0
153 628 15000 12250 0
136 647 15100 12150 0
153 647 15000 12150 0
101 625 15300 12250 0
117 625 15200 12250 0
101 643 15300 12150 0
117 643 15200 12150 0
247 597 14500 12450 0
266 597 14400 12450 0
247 617 14500 12350 0
266 617 14400 12350 0
208 595 14700 12450 0
226 595 14600 12450 0
208 614 14700 12350 0
226 614 14600 12350 0
170 592 14900 12450 0
187 592 14800 12450 0
170 611 14900 12350 0
187 611 14800 12350 0
133 589 15100 12450 0
150 589 15000 12450 0
133 608 15100 12350 0
150 608 15000 12350 0
98 586 15300 12450 0
114 586 15200 12450 0
98 605 15300 12350 0
114 605 15200 12350 0
246 555 14500 12650 0
264 555 14400 12650 0
246 575 14500 12550 0
264 575 14400 12550 0
206 553 14700 12650 0
224 553 14600 12650 0
206 573 14700 12550 0
224 573 14600 12550 0
168 551 14900 12650 0
185 551 14800 12650 0
168 571 14900 12550 0
185 571 14800 12550 0
131 549 15100 12650 0
148 549 15000 12650 0
131 568 15100 12550 0
148 568 15000 12550 0
96 547 15300 12650 0
112 547 15200 12650 0
96 565 15300 12550 0
112 565 15200 12550 0
245 513 14500 12850 0
264 513 14400 12850 0
245 533 14500 12750 0
264 533 14400 12750 0
205 511 14700 12850 0
223 511 14600 12850 0
205 531 14700 12750 0
223 531 14600 12750 0
166 510 14900 12850 0
184 510 14800 12850 0
166 529 14900 12750 0
184 529 14800 12750 0
130 508 15100 12850 0
146 508 15000 12850 0
130 527 15100 12750 0
146 527 15000 12750 0
94 506 15300 12850 0
110 506 15200 12850 0
94 525 15300 12750 0
110 525 15200 12750 0
