239 236 14500 14275 0
258 236 14400 14275 0
238 255 14500 14175 0
256 255 14400 14175 0
200 238 14700 14275 0
218 238 14600 14275 0
199 257 14700 14175 0
218 257 14600 14175 0
162 240 14900 14275 0
179 240 14800 14275 0
161 259 14900 14175 0
179 259 14800 14175 0
125 242 15100 14275 0
142 242 15000 14275 0
124 261 15100 14175 0
142 261 15000 14175 0
89 244 15300 14275 0
106 244 15200 14275 0
89 263 15300 14175 0
106 263 15200 14175 0
242 197 14500 14475 0
262 197 14400 14475 0
242 215 14500 14375 0
262 215 14400 14375 0
203 198 14700 14475 0
222 198 14600 14475 0
203 217 14700 14375 0
222 217 14600 14375 0
165 200 14900 14475 0
183 200 14800 14475 0
165 219 14900 14375 0
183 219 14800 14375 0
128 203 15100 14475 0
146 203 15000 14475 0
128 221 15100 14375 0
146 221 15000 14375 0
93 206 15300 14475 0
111 206 15200 14475 0
93 224 15300 14375 0
111 224 15200 14375 0
246 158 14500 14675 0
265 158 14400 14675 0
246 176 14500 14575 0
265 176 14400 14575 0
207 160 14700 14675 0
226 160 14600 14675 0
207 178 14700 14575 0
226 178 14600 14575 0
169 163 14900 14675 0
188 163 14800 14675 0
169 181 14900 14575 0
188 181 14800 14575 0
133 166 15100 14675 0
151 166 15000 14675 0
133 183 15100 14575 0
151 183 15000 14575 0
98 168 15300 14675 0
116 168 15200 14675 0
98 186 15300 14575 0
116 186 15200 14575 0
249 122 14500 14875 0
269 122 14400 14875 0
249 139 14500 14775 0
269 139 14400 14775 0
211 124 14700 14875 0
230 124 14600 14875 0
211 141 14700 14775 0
230 141 14600 14775 0
174 127 14900 14875 0
193 127 14800 14875 0
174 144 14900 14775 0
193 144 14800 14775 0
138 130 15100 14875 0
156 130 15000 14875 0
138 147 15100 14775 0
156 147 15000 14775 0
104 133 15300 14875 0
121 133 15200 14875 0
104 150 15300 14775 0
121 150 15200 14775 0
254 87 14500 15075 0
272 87 14400 15075 0
253 103 14500 14975 0
273 103 14400 14975 0
216 89 14700 15075 0
235 89 14600 15075 0
216 106 14700 14975 0
235 106 14600 14975 0
179 92 14900 15075 0
198 92 14800 15075 0
179 109 14900 14975 0
198 109 14800 14975 0
144 95 15100 15075 0
162 95 15000 15075 0
144 112 15100 14975 0
162 112 15000 14975 0
110 99 15300 15075 0
127 99 15200 15075 0
110 116 15300 14975 0
127 116 15200 14975 0
258 53 14500 15275 0
277 53 14400 15275 0
258 69 14500 15175 0
277 69 14400 15175 0
221 56 14700 15275 0
240 56 14600 15275 0
221 72 14700 15175 0
240 72 14600 15175 0
184 59 14900 15275 0
203 59 14800 15275 0
184 75 14900 15175 0
203 75 14800 15175 0
149 62 15100 15275 0
168 62 15000 15275 0
149 79 15100 15175 0
168 79 15000 15175 0
116 66 15300 15275 0
133 66 15200 15275 0
116 82 15300 15175 0
133 82 15200 15175 0
241 706 14500 12100 0
263 706 14400 12100 0
241 726 14500 12000 0
263 726 14400 12000 0
201 704 14700 12100 0
220 704 14600 12100 0
201 723 14700 12000 0
220 723 14600 12000 0
162 700 14900 12100 0
181 700 14800 12100 0
162 720 14900 12000 0
181 720 14800 12000 0
124 696 15100 12100 0
142 696 15000 12100 0
124 716 15100 12000 0
142 716 15000 12000 0
86 692 15300 12100 0
106 692 15200 12100 0
86 712 15300 12000 0
106 712 15200 12000 0
239 665 14500 12300 0
260 665 14400 12300 0
239 685 14500 12200 0
260 685 14400 12200 0
198 663 14700 12300 0
217 663 14600 12300 0
198 683 14700 12200 0
217 683 14600 12200 0
159 660 14900 12300 0
178 660 14800 12300 0
159 680 14900 12200 0
178 680 14800 12200 0
121 656 15100 12300 0
139 656 15000 12300 0
121 676 15100 12200 0
139 676 15000 12200 0
83 653 15300 12300 0
102 653 15200 12300 0
83 673 15300 12200 0
102 673 15200 12200 0
235 624 14500 12500 0
255 624 14400 12500 0
236 644 14500 12400 0
257 644 14400 12400 0
196 622 14700 12500 0
214 622 14600 12500 0
195 641 14700 12400 0
215 641 14600 12400 0
156 618 14900 12500 0
175 618 14800 12500 0
157 638 14900 12400 0
174 638 14800 12400 0
118 616 15100 12500 0
136 616 15000 12500 0
118 635 15100 12400 0
136 635 15000 12400 0
81 612 15300 12500 0
99 612 15200 12500 0
81 632 15300 12400 0
99 632 15200 12400 0
235 581 14500 12700 0
252 581 14400 12700 0
235 601 14500 12600 0
255 601 14400 12600 0
194 579 14700 12700 0
212 579 14600 12700 0
194 599 14700 12600 0
213 599 14600 12600 0
154 576 14900 12700 0
172 576 14800 12700 0
155 596 14900 12600 0
172 596 14800 12600 0
116 574 15100 12700 0
134 574 15000 12700 0
116 594 15100 12600 0
134 594 15000 12600 0
78 571 15300 12700 0
97 571 15200 12700 0
78 591 15300 12600 0
97 591 15200 12600 0
234 537 14500 12900 0
251 537 14400 12900 0
233 558 14500 12800 0
256 558 14400 12800 0
192 535 14700 12900 0
211 535 14600 12900 0
193 555 14700 12800 0
211 555 14600 12800 0
153 534 14900 12900 0
169 534 14800 12900 0
153 553 14900 12800 0
171 553 14800 12800 0
115 531 15100 12900 0
132 531 15000 12900 0
115 551 15100 12800 0
132 551 15000 12800 0
78 529 15300 12900 0
95 529 15200 12900 0
79 549 15300 12800 0
94 549 15200 12800 0
233 492 14500 13100 0
252 492 14400 13100 0
233 513 14500 13000 0
253 513 14400 13000 0
192 491 14700 13100 0
210 491 14600 13100 0
192 511 14700 13000 0
211 511 14600 13000 0
153 490 14900 13100 0
170 490 14800 13100 0
153 510 14900 13000 0
170 510 14800 13000 0
115 489 15100 13100 0
131 489 15000 13100 0
114 509 15100 13000 0
132 509 15000 13000 0
78 487 15300 13100 0
94 487 15200 13100 0
78 507 15300 13000 0
94 507 15200 13000 0
949 261 10850 14275 0
964 261 10750 14275 0
949 279 10850 14175 0
964 279 10750 14175 0
921 259 11050 14275 0
936 259 10950 14275 0
921 277 11050 14175 0
936 277 10950 14175 0
891 257 11250 14275 0
907 257 11150 14275 0
891 275 11250 14175 0
907 275 11150 14175 0
860 254 11450 14275 0
876 254 11350 14275 0
860 272 11450 14175 0
876 272 11350 14175 0
827 251 11650 14275 0
843 251 11550 14275 0
827 270 11650 14175 0
843 270 11550 14175 0
944 227 10850 14475 0
961 227 10750 14475 0
944 245 10850 14375 0
961 245 10750 14375 0
916 224 11050 14475 0
932 224 10950 14475 0
916 241 11050 14375 0
932 241 10950 14375 0
887 221 11250 14475 0
902 221 11150 14475 0
887 238 11250 14375 0
902 238 11150 14375 0
855 217 11450 14475 0
872 217 11350 14475 0
855 235 11450 14375 0
872 235 11350 14375 0
823 214 11650 14475 0
839 214 11550 14475 0
823 232 11650 14375 0
839 232 11550 14375 0
939 193 10850 14675 0
955 193 10750 14675 0
939 210 10850 14575 0
955 210 10750 14575 0
912 189 11050 14675 0
927 189 10950 14675 0
912 207 11050 14575 0
927 207 10950 14575 0
882 186 11250 14675 0
898 186 11150 14675 0
882 203 11250 14575 0
898 203 11150 14575 0
851 182 11450 14675 0
867 182 11350 14675 0
851 199 11450 14575 0
867 199 11350 14575 0
818 178 11650 14675 0
835 178 11550 14675 0
818 196 11650 14575 0
835 196 11550 14575 0
934 160 10850 14875 0
948 160 10750 14875 0
934 177 10850 14775 0
948 177 10750 14775 0
906 156 11050 14875 0
921 156 10950 14875 0
906 173 11050 14775 0
921 173 10950 14775 0
877 152 11250 14875 0
892 152 11150 14875 0
877 169 11250 14775 0
892 169 11150 14775 0
846 148 11450 14875 0
862 148 11350 14875 0
846 164 11450 14775 0
862 164 11350 14775 0
813 144 11650 14875 0
830 144 11550 14875 0
813 160 11650 14775 0
830 160 11550 14775 0
928 129 10850 15075 0
943 129 10750 15075 0
928 145 10850 14975 0
943 145 10750 14975 0
900 124 11050 15075 0
915 124 10950 15075 0
900 140 11050 14975 0
915 140 10950 14975 0
871 119 11250 15075 0
887 119 11150 15075 0
871 136 11250 14975 0
887 136 11150 14975 0
840 114 11450 15075 0
856 114 11350 15075 0
840 131 11450 14975 0
856 131 11350 14975 0
809 110 11650 15075 0
825 110 11550 15075 0
809 127 11650 14975 0
825 127 11550 14975 0
922 99 10850 15275 0
936 99 10750 15275 0
922 114 10850 15175 0
936 114 10750 15175 0
894 93 11050 15275 0
909 93 10950 15275 0
894 109 11050 15175 0
909 109 10950 15175 0
865 88 11250 15275 0
881 88 11150 15275 0
865 104 11250 15175 0
881 104 11150 15175 0
835 83 11450 15275 0
851 83 11350 15275 0
835 99 11450 15175 0
851 99 11350 15175 0
803 78 11650 15275 0
820 78 11550 15275 0
803 94 11650 15175 0
820 94 11550 15175 0
957 662 10850 12100 0
973 662 10750 12100 0
957 682 10850 12000 0
973 682 10750 12000 0
928 668 11050 12100 0
945 668 10950 12100 0
928 688 11050 12000 0
945 688 10950 12000 0
899 673 11250 12100 0
915 673 11150 12100 0
899 693 11250 12000 0
915 693 11150 12000 0
867 679 11450 12100 0
883 679 11350 12100 0
867 698 11450 12000 0
883 698 11350 12000 0
833 684 11650 12100 0
850 684 11550 12100 0
833 704 11650 12000 0
850 704 11550 12000 0
959 626 10850 12300 0
976 626 10750 12300 0
959 647 10850 12200 0
976 647 10750 12200 0
931 632 11050 12300 0
947 632 10950 12300 0
931 651 11050 12200 0
947 651 10950 12200 0
901 637 11250 12300 0
917 637 11150 12300 0
901 656 11250 12200 0
917 656 11150 12200 0
869 642 11450 12300 0
885 642 11350 12300 0
869 661 11450 12200 0
885 661 11350 12200 0
835 646 11650 12300 0
852 646 11550 12300 0
835 666 11650 12200 0
852 666 11550 12200 0
961 591 10850 12500 0
976 591 10750 12500 0
961 609 10850 12400 0
977 609 10750 12400 0
933 595 11050 12500 0
949 595 10950 12500 0
933 615 11050 12400 0
949 615 10950 12400 0
903 599 11250 12500 0
919 599 11150 12500 0
903 619 11250 12400 0
919 619 11150 12400 0
871 603 11450 12500 0
887 603 11350 12500 0
871 623 11450 12400 0
887 623 11350 12400 0
837 608 11650 12500 0
854 608 11550 12500 0
837 628 11650 12400 0
854 628 11550 12400 0
963 554 10850 12700 0
979 554 10750 12700 0
963 574 10850 12600 0
979 574 10750 12600 0
934 557 11050 12700 0
950 557 10950 12700 0
935 576 11050 12600 0
949 576 10950 12600 0
904 561 11250 12700 0
920 561 11150 12700 0
905 580 11250 12600 0
919 580 11150 12600 0
873 565 11450 12700 0
888 565 11350 12700 0
873 584 11450 12600 0
888 580 11350 12600 0
837 568 11650 12700 0
855 568 11550 12700 0
837 588 11650 12600 0
855 588 11550 12600 0
963 517 10850 12900 0
979 517 10750 12900 0
963 537 10850 12800 0
979 537 10750 12800 0
935 520 11050 12900 0
950 520 10950 12900 0
935 539 11050 12800 0
949 535 10950 12800 0
905 522 11250 12900 0
920 522 11150 12900 0
905 542 11250 12800 0
920 542 11150 12800 0
874 526 11450 12900 0
889 526 11350 12900 0
874 544 11450 12800 0
889 544 11350 12800 0
839 527 11650 12900 0
856 527 11550 12900 0
841 547 11650 12800 0
856 547 11550 12800 0
964 480 10850 13100 0
979 480 10750 13100 0
964 499 10850 13000 0
979 499 10750 13000 0
935 483 11050 13100 0
950 483 10950 13100 0
935 501 11050 13000 0
950 501 10950 13000 0
906 484 11250 13100 0
920 484 11150 13100 0
906 499 11250 13000 0
920 502 11150 13000 0
874 486 11450 13100 0
889 486 11350 13100 0
874 505 11450 13000 0
888 502 11350 13000 0
839 488 11650 13100 0
856 488 11550 13100 0
840 506 11650 13000 0
856 507 11550 13000 0
