884 603 11100 12100 0
896 599 11000 12100 0
883 617 11100 12000 0
897 614 11000 12000 0
856 607 11300 12100 0
869 605 11200 12100 0
856 623 11300 12000 0
870 621 11200 12000 0
828 614 11500 12100 0
841 611 11400 12100 0
827 629 11500 12000 0
841 626 11400 12000 0
797 619 11700 12100 0
811 617 11600 12100 0
797 635 11700 12000 0
811 633 11600 12000 0
766 622 11900 12100 0
780 622 11800 12100 0
766 640 11900 12000 0
781 638 11800 12000 0
883 569 11100 12300 0
895 566 11000 12300 0
883 584 11100 12200 0
895 582 11000 12200 0
855 572 11300 12300 0
869 572 11200 12300 0
855 590 11300 12200 0
869 587 11200 12200 0
826 577 11500 12300 0
840 577 11400 12300 0
826 595 11500 12200 0
841 594 11400 12200 0
796 582 11700 12300 0
811 582 11600 12300 0
796 600 11700 12200 0
810 599 11600 12200 0
765 587 11900 12300 0
780 587 11800 12300 0
765 605 11900 12200 0
780 605 11800 12200 0
882 536 11100 12500 0
895 533 11000 12500 0
882 551 11100 12400 0
895 547 11000 12400 0
854 538 11300 12500 0
868 538 11200 12500 0
854 556 11300 12400 0
869 554 11200 12400 0
826 542 11500 12500 0
840 542 11400 12500 0
826 560 11500 12400 0
840 560 11400 12400 0
795 547 11700 12500 0
810 547 11600 12500 0
795 565 11700 12400 0
810 565 11600 12400 0
764 551 11900 12500 0
778 551 11800 12500 0
764 569 11900 12400 0
778 569 11800 12400 0
881 500 11100 12700 0
894 500 11000 12700 0
881 517 11100 12600 0
894 517 11000 12600 0
853 503 11300 12700 0
867 503 11200 12700 0
853 521 11300 12600 0
867 521 11200 12600 0
824 507 11500 12700 0
838 507 11400 12700 0
824 525 11500 12600 0
838 525 11400 12600 0
794 512 11700 12700 0
809 511 11600 12700 0
794 529 11700 12600 0
809 527 11600 12600 0
762 515 11900 12700 0
777 515 11800 12700 0
762 533 11900 12600 0
777 533 11800 12600 0
879 466 11100 12900 0
892 466 11000 12900 0
879 483 11100 12800 0
893 482 11000 12800 0
851 469 11300 12900 0
865 469 11200 12900 0
851 487 11300 12800 0
866 485 11200 12800 0
822 471 11500 12900 0
837 471 11400 12900 0
822 490 11500 12800 0
837 490 11400 12800 0
792 474 11700 12900 0
807 474 11600 12900 0
792 493 11700 12800 0
807 493 11600 12800 0
760 477 11900 12900 0
776 477 11800 12900 0
760 496 11900 12800 0
776 496 11800 12800 0
877 432 11100 13100 0
890 432 11000 13100 0
877 449 11100 13000 0
892 447 11000 13000 0
849 434 11300 13100 0
864 434 11200 13100 0
849 452 11300 13000 0
864 452 11200 13000 0
820 437 11500 13100 0
835 437 11400 13100 0
820 454 11500 13000 0
835 454 11400 13000 0
790 439 11700 13100 0
805 439 11600 13100 0
790 457 11700 13000 0
805 457 11600 13000 0
758 441 11900 13100 0
773 441 11800 13100 0
758 459 11900 13000 0
773 459 11800 13000 0
316 662 14250 12100 0
336 662 14150 12100 0
316 679 14250 12000 0
336 679 14150 12000 0
277 662 14450 12100 0
296 662 14350 12100 0
277 679 14450 12000 0
296 679 14350 12000 0
239 661 14650 12100 0
258 661 14550 12100 0
239 679 14650 12000 0
258 679 14550 12000 0
202 660 14850 12100 0
220 660 14750 12100 0
202 677 14850 12000 0
220 677 14750 12000 0
166 659 15050 12100 0
184 659 14950 12100 0
166 676 15050 12000 0
184 676 14950 12000 0
314 624 14250 12300 0
332 623 14150 12300 0
315 641 14250 12200 0
334 641 14150 12200 0
274 623 14450 12300 0
293 623 14350 12300 0
274 641 14450 12200 0
293 641 14350 12200 0
235 623 14650 12300 0
253 623 14550 12300 0
236 640 14650 12200 0
254 640 14550 12200 0
199 622 14850 12300 0
216 622 14750 12300 0
199 640 14850 12200 0
216 640 14750 12200 0
161 621 15050 12300 0
180 621 14950 12300 0
163 637 15050 12200 0
180 638 14950 12200 0
310 584 14250 12500 0
329 584 14150 12500 0
310 602 14250 12400 0
329 602 14150 12400 0
271 584 14450 12500 0
289 584 14350 12500 0
271 602 14450 12400 0
289 602 14350 12400 0
233 584 14650 12500 0
251 584 14550 12500 0
233 602 14650 12400 0
251 602 14550 12400 0
195 583 14850 12500 0
213 583 14750 12500 0
195 601 14850 12400 0
213 601 14750 12400 0
159 582 15050 12500 0
176 582 14950 12500 0
159 600 15050 12400 0
176 600 14950 12400 0
308 543 14250 12700 0
327 543 14150 12700 0
308 562 14250 12600 0
327 562 14150 12600 0
268 544 14450 12700 0
287 544 14350 12700 0
268 562 14450 12600 0
287 562 14350 12600 0
230 544 14650 12700 0
248 544 14550 12700 0
230 562 14650 12600 0
248 562 14550 12600 0
193 544 14850 12700 0
210 544 14750 12700 0
193 562 14850 12600 0
210 562 14750 12600 0
156 543 15050 12700 0
173 543 14950 12700 0
156 561 15050 12600 0
173 561 14950 12600 0
306 503 14250 12900 0
324 503 14150 12900 0
306 520 14250 12800 0
324 520 14150 12800 0
267 503 14450 12900 0
284 503 14350 12900 0
267 522 14450 12800 0
284 522 14350 12800 0
228 504 14650 12900 0
245 504 14550 12900 0
228 522 14650 12800 0
245 522 14550 12800 0
191 504 14850 12900 0
208 504 14750 12900 0
191 522 14850 12800 0
208 522 14750 12800 0
154 503 15050 12900 0
171 503 14950 12900 0
154 521 15050 12800 0
171 521 14950 12800 0
304 462 14250 13100 0
323 462 14150 13100 0
304 481 14250 13000 0
323 481 14150 13000 0
265 463 14450 13100 0
283 463 14350 13100 0
265 481 14450 13000 0
283 481 14350 13000 0
227 463 14650 13100 0
244 463 14550 13100 0
227 481 14650 13000 0
244 481 14550 13000 0
190 463 14850 13100 0
206 463 14750 13100 0
190 482 14850 13000 0
206 482 14750 13000 0
153 463 15050 13100 0
170 463 14950 13100 0
153 482 15050 13000 0
170 482 14950 13000 0
859 270 11100 14025 0
872 270 11000 14025 0
859 286 11100 13925 0
872 286 11000 13925 0
831 269 11300 14025 0
845 269 11200 14025 0
833 285 11300 13925 0
845 285 11200 13925 0
802 268 11500 14025 0
817 268 11400 14025 0
805 283 11500 13925 0
817 283 11400 13925 0
772 267 11700 14025 0
788 267 11600 14025 0
772 283 11700 13925 0
788 283 11600 13925 0
741 266 11900 14025 0
756 266 11800 14025 0
741 282 11900 13925 0
756 282 11800 13925 0
854 238 11100 14225 0
867 238 11000 14225 0
856 252 11100 14125 0
867 254 11000 14125 0
827 237 11300 14225 0
841 237 11200 14225 0
829 251 11300 14125 0
841 252 11200 14125 0
798 235 11500 14225 0
813 235 11400 14225 0
798 250 11500 14125 0
813 250 11400 14125 0
768 233 11700 14225 0
783 233 11600 14225 0
768 249 11700 14125 0
783 249 11600 14125 0
737 232 11900 14225 0
752 232 11800 14225 0
739 247 11900 14125 0
752 247 11800 14125 0
849 207 11100 14425 0
861 208 11000 14425 0
849 222 11100 14325 0
863 222 11000 14325 0
822 205 11300 14425 0
836 205 11200 14425 0
822 220 11300 14325 0
836 220 11200 14325 0
794 203 11500 14425 0
808 203 11400 14425 0
794 218 11500 14325 0
808 218 11400 14325 0
764 200 11700 14425 0
778 201 11600 14425 0
764 216 11700 14325 0
779 216 11600 14325 0
733 198 11900 14425 0
748 198 11800 14425 0
734 213 11900 14325 0
748 214 11800 14325 0
844 177 11100 14625 0
857 177 11000 14625 0
847 191 11100 14525 0
859 191 11000 14525 0
817 174 11300 14625 0
831 174 11200 14625 0
819 188 11300 14525 0
831 189 11200 14525 0
789 171 11500 14625 0
803 171 11400 14625 0
789 186 11500 14525 0
803 186 11400 14525 0
759 169 11700 14625 0
774 169 11600 14625 0
759 184 11700 14525 0
774 184 11600 14525 0
729 166 11900 14625 0
744 166 11800 14625 0
729 181 11900 14525 0
744 181 11800 14525 0
839 148 11100 14825 0
853 148 11000 14825 0
839 162 11100 14725 0
853 162 11000 14725 0
812 145 11300 14825 0
826 145 11200 14825 0
812 159 11300 14725 0
826 159 11200 14725 0
784 142 11500 14825 0
798 142 11400 14825 0
784 156 11500 14725 0
798 156 11400 14725 0
754 139 11700 14825 0
769 139 11600 14825 0
754 153 11700 14725 0
769 153 11600 14725 0
724 136 11900 14825 0
739 136 11800 14825 0
724 150 11900 14725 0
739 150 11800 14725 0
833 120 11100 15025 0
846 122 11000 15025 0
836 133 11100 14925 0
847 134 11000 14925 0
806 116 11300 15025 0
819 117 11200 15025 0
809 129 11300 14925 0
821 130 11200 14925 0
778 113 11500 15025 0
791 114 11400 15025 0
780 125 11500 14925 0
793 127 11400 14925 0
749 110 11700 15025 0
764 110 11600 15025 0
750 121 11700 14925 0
764 123 11600 14925 0
720 106 11900 15025 0
733 107 11800 15025 0
721 118 11900 14925 0
734 120 11800 14925 0
299 275 14250 14025 0
317 275 14150 14025 0
299 293 14250 13925 0
317 293 14150 13925 0
261 277 14450 14025 0
278 277 14350 14025 0
261 295 14450 13925 0
278 295 14350 13925 0
224 279 14650 14025 0
241 279 14550 14025 0
224 297 14650 13925 0
241 297 14550 13925 0
188 281 14850 14025 0
205 281 14750 14025 0
188 299 14850 13925 0
205 299 14750 13925 0
153 283 15050 14025 0
169 283 14950 14025 0
153 301 15050 13925 0
169 301 14950 13925 0
300 238 14250 14225 0
318 238 14150 14225 0
300 255 14250 14125 0
318 255 14150 14125 0
262 240 14450 14225 0
279 240 14350 14225 0
262 257 14450 14125 0
279 257 14350 14125 0
226 242 14650 14225 0
242 242 14550 14225 0
226 259 14650 14125 0
242 259 14550 14125 0
190 244 14850 14225 0
206 244 14750 14225 0
190 261 14850 14125 0
206 261 14750 14125 0
155 247 15050 14225 0
171 247 14950 14225 0
155 264 15050 14125 0
171 264 14950 14125 0
301 201 14250 14425 0
318 201 14150 14425 0
301 218 14250 14325 0
318 218 14150 14325 0
264 204 14450 14425 0
281 204 14350 14425 0
264 220 14450 14325 0
281 220 14350 14325 0
227 206 14650 14425 0
244 206 14550 14425 0
227 222 14650 14325 0
244 222 14550 14325 0
192 208 14850 14425 0
208 208 14750 14425 0
192 225 14850 14325 0
208 225 14750 14325 0
158 211 15050 14425 0
174 211 14950 14425 0
158 228 15050 14325 0
174 228 14950 14325 0
302 166 14250 14625 0
320 166 14150 14625 0
302 182 14250 14525 0
320 182 14150 14525 0
265 169 14450 14625 0
282 169 14350 14625 0
265 185 14450 14525 0
282 185 14350 14525 0
230 171 14650 14625 0
246 171 14550 14625 0
230 187 14650 14525 0
246 187 14550 14525 0
195 174 14850 14625 0
211 174 14750 14625 0
195 190 14850 14525 0
211 190 14750 14525 0
161 177 15050 14625 0
177 177 14950 14625 0
161 193 15050 14525 0
177 193 14950 14525 0
304 133 14250 14825 0
322 133 14150 14825 0
304 148 14250 14725 0
322 148 14150 14725 0
268 135 14450 14825 0
284 135 14350 14825 0
268 151 14450 14725 0
284 151 14350 14725 0
232 138 14650 14825 0
249 138 14550 14825 0
232 153 14650 14725 0
249 153 14550 14725 0
198 141 14850 14825 0
214 141 14750 14825 0
198 156 14850 14725 0
214 156 14750 14725 0
165 144 15050 14825 0
180 144 14950 14825 0
165 159 15050 14725 0
180 159 14950 14725 0
305 101 14250 15025 0
324 101 14150 15025 0
305 116 14250 14925 0
324 116 14150 14925 0
270 103 14450 15025 0
287 103 14350 15025 0
270 118 14450 14925 0
287 118 14350 14925 0
235 106 14650 15025 0
252 106 14550 15025 0
235 121 14650 14925 0
252 121 14550 14925 0
201 109 14850 15025 0
218 109 14750 15025 0
201 124 14850 14925 0
218 124 14750 14925 0
167 112 15050 15025 0
184 112 14950 15025 0
167 127 15050 14925 0
184 127 14950 14925 0
