155 126
204 119
252 114
303 109
357 103
410 101
465 98
520 95
577 95
631 93
685 95
738 96
790 99
838 102
885 104
152 176
201 169
251 163
302 159
355 155
409 151
466 148
522 148
578 147
634 146
689 146
742 146
795 148
843 152
891 154
149 225
200 220
249 215
302 212
356 208
410 206
467 204
524 203
581 200
638 199
692 199
747 200
799 201
850 203
898 206
148 275
199 274
249 270
302 267
354 264
412 261
469 258
525 257
583 256
640 255
696 254
752 255
803 255
853 257
901 258
149 330
198 327
248 326
302 323
355 320
411 319
469 317
527 315
583 313
643 313
699 311
754 311
807 311
857 310
905 310
149 384
199 383
249 382
302 380
357 377
413 376
471 374
529 373
587 371
643 370
701 369
756 368
808 366
860 366
907 365
149 438
200 438
251 438
304 436
358 435
415 433
472 433
530 431
588 430
645 428
701 426
757 425
809 423
860 422
908 419
152 492
203 492
253 492
305 492
359 492
417 491
474 490
532 489
590 487
647 485
703 484
757 482
810 478
860 477
907 475
155 545
205 547
256 547
309 547
363 548
419 548
475 546
533 546
590 545
647 542
702 540
757 537
809 534
860 530
907 527
159 597
210 599
258 601
312 602
365 603
420 603
477 603
534 602
591 600
646 598
702 594
755 592
809 587
858 584
905 579
165 649
214 650
263 653
314 656
369 657
423 657
479 657
536 658
593 656
647 655
701 650
755 646
806 642
857 636
903 631
